[[[5.2359877e+00 2.8700531e-02 1.9346406e-01]
  [5.2359877e+00 2.7584195e-02 2.0130719e-01]
  [5.2359877e+00 2.6063502e-02 2.1307190e-01]
  ...
  [5.2359877e+00 5.5748820e-03 9.9738568e-01]
  [5.2359877e+00 5.5748820e-03 9.9738568e-01]
  [5.2359877e+00 5.5748820e-03 9.9738568e-01]]

 [[5.2359877e+00 2.9293299e-02 1.8954249e-01]
  [5.2359877e+00 2.8131306e-02 1.9738562e-01]
  [5.2359877e+00 2.6551425e-02 2.0915033e-01]
  ...
  [5.2359877e+00 5.5748820e-03 9.9738568e-01]
  [5.2359877e+00 5.5748820e-03 9.9738568e-01]
  [5.2359877e+00 5.5748820e-03 9.9738568e-01]]

 [[5.2359877e+00 3.0555487e-02 1.8169935e-01]
  [5.2359877e+00 2.9293299e-02 1.8954249e-01]
  [5.2359877e+00 2.8131306e-02 1.9738562e-01]
  ...
  [5.2359877e+00 5.5748820e-03 9.9738568e-01]
  [5.2359877e+00 5.5748820e-03 9.9738568e-01]
  [5.2359877e+00 5.5748820e-03 9.9738568e-01]]

 ...

 [[5.2359877e+00 6.3266695e-02 8.7581702e-02]
  [5.2359877e+00 6.6220522e-02 8.3660133e-02]
  [5.2359877e+00 7.3040962e-02 7.5816996e-02]
  ...
  [5.2359877e+00 6.9463789e-02 7.9738565e-02]
  [5.2359877e+00 6.9463789e-02 7.9738565e-02]
  [5.2359877e+00 6.9463789e-02 7.9738565e-02]]

 [[          nan 3.8487911e-03 8.6274512e-02]
  [          nan 4.2320490e-03 7.8431375e-02]
  [          nan 4.7000647e-03 7.0588239e-02]
  ...
  [          nan 4.4537783e-03 7.4509807e-02]
  [          nan 4.4537783e-03 7.4509807e-02]
  [          nan 4.4537783e-03 7.4509807e-02]]

 [[          nan 3.8487911e-03 8.6274512e-02]
  [          nan 4.2320490e-03 7.8431375e-02]
  [          nan 4.7000647e-03 7.0588239e-02]
  ...
  [          nan 4.4537783e-03 7.4509807e-02]
  [          nan 4.4537783e-03 7.4509807e-02]
  [          nan 4.4537783e-03 7.4509807e-02]]]